10 15
17
C 10 1 40 1 f f
C 1 15 40 1 f f
V 1 9 20 1 f f
T 1 13 30 1 f f
C 2 3 40 1 f f
T 3 1 30 1 f f
V 3 8 20 1 f f
C 3 14 40 1 f f
F 4 5 80 1 f f
F 5 12 80 1 f f
T 6 3 30 1 f f
T 7 10 30 1 f f
C 8 2 40 1 f f
V 8 6 20 1 f f
T 8 15 30 1 f f
C 9 13 40 1 f f
T 10 3 30 1 f f
0 0 0 0 0 0 0 0 0 0 0 0 1 0 0 0 1
0 0 0 1 0 0 0 1 0 0 0 0 0 0 0 0 0
0 0 0 1 0 0 1 1 0 0 0 0 0 0 0 0 0
0 1 1 0 0 0 0 1 0 0 0 0 0 0 0 0 0
0 0 0 0 0 1 1 0 1 0 0 0 0 0 0 0 0
0 0 0 0 1 0 0 0 1 0 1 0 0 0 0 0 0
0 0 1 0 1 0 0 1 1 1 0 0 0 0 0 0 0
0 1 1 1 0 0 1 0 0 1 0 0 0 0 1 0 0
0 0 0 0 1 1 1 0 0 1 1 1 0 0 0 0 0
0 0 0 0 0 0 1 1 1 0 0 1 0 0 1 0 0
0 0 0 0 0 1 0 0 1 0 0 1 1 1 0 0 0
0 0 0 0 0 0 0 0 1 1 1 0 0 1 0 1 0
1 0 0 0 0 0 0 0 0 0 1 0 0 1 0 0 1
0 0 0 0 0 0 0 0 0 0 1 1 1 0 0 0 1
0 0 0 0 0 0 0 1 0 1 0 0 0 0 0 1 0
0 0 0 0 0 0 0 0 0 0 0 1 0 0 1 0 0
1 0 0 0 0 0 0 0 0 0 0 0 1 1 0 0 0
1
A
2
A
3 4 5 6 7 8 9 10 11 12 13 14 15 16 17
1